90
0 2 2
1 1
0 1
0 1 0 1
4
1 1 0
2 1 0
4 0 1
8 1 0
1 2 2
1 1
1 0
1 1024 1 32
4
1 1 0
2 0 1
4 0 1
8 1 0
2 2 1
2
0
1 1024 1 32
4
1 1 0
2 1 0
4 0 1
8 0 1
3 3 3
1 1 1
0 1 2
1 1024 1 32
4
1 0 1 2
2 1 2 0
4 2 0 1
8 1 2 0
4 3 3
1 1 1
1 2 0
1 1024 1 32
4
1 1 2 0
2 1 2 0
4 0 2 1
8 1 2 0
5 3 2
1 2
0 1
1 1024 1 32
4
1 0 1 2
2 1 0 2
4 1 0 2
8 2 1 0
6 3 1
3
0
1 1024 1 32
4
1 1 0 2
2 2 1 0
4 2 1 0
8 2 0 1
7 4 4
1 1 1 1
0 1 2 3
1 1024 1 32
4
1 0 3 1 2
2 3 0 2 1
4 2 0 3 1
8 0 1 3 2
8 4 4
1 1 1 1
1 2 3 0
1 1024 1 32
4
1 3 2 1 0
2 1 3 2 0
4 2 3 1 0
8 2 0 1 3
9 4 3
1 1 2
0 1 2
0 1 1 32
4
1 3 2 0 1
2 1 0 3 2
4 1 3 2 0
8 1 2 0 3
10 4 3
1 1 2
1 0 2
1 1024 1 32
4
1 0 1 3 2
2 2 3 0 1
4 0 3 1 2
8 3 2 1 0
11 4 2
1 3
0 1
1 1024 0 1
4
1 1 0 2 3
2 2 0 1 3
4 0 2 3 1
8 1 0 3 2
12 4 2
2 2
0 1
1 1024 1 32
4
1 0 1 3 2
2 1 0 2 3
4 2 0 3 1
8 2 3 1 0
13 4 2
2 2
1 0
1 1024 1 32
4
1 2 0 3 1
2 1 0 3 2
4 1 3 2 0
8 2 3 1 0
14 4 1
4
0
1 1024 1 32
4
1 1 0 2 3
2 0 1 2 3
4 1 0 3 2
8 0 2 1 3
15 5 5
1 1 1 1 1
0 1 2 3 4
1 1024 1 32
4
1 0 4 2 1 3
2 0 3 2 4 1
4 0 1 4 2 3
8 2 0 3 4 1
16 5 5
1 1 1 1 1
1 2 3 4 0
1 1024 1 32
4
1 2 3 1 0 4
2 4 2 1 3 0
4 4 1 0 2 3
8 0 4 1 2 3
17 5 4
1 1 1 2
0 1 2 3
1 1024 1 32
4
1 1 0 4 3 2
2 0 3 4 2 1
4 3 0 1 2 4
8 3 0 2 1 4
18 5 4
1 1 1 2
1 2 0 3
0 1 1 32
4
1 0 4 2 3 1
2 0 4 2 1 3
4 2 4 0 1 3
8 1 2 4 3 0
19 5 3
1 1 3
0 1 2
1 1024 1 32
4
1 4 1 2 0 3
2 4 3 1 2 0
4 4 3 0 1 2
8 0 1 3 2 4
20 5 3
1 1 3
1 0 2
1 1024 1 32
4
1 1 3 2 0 4
2 0 4 3 1 2
4 0 4 3 1 2
8 1 4 3 2 0
21 5 3
1 2 2
0 1 2
1 1024 1 32
4
1 4 2 1 0 3
2 2 4 3 0 1
4 0 4 3 2 1
8 2 3 0 1 4
22 5 3
1 2 2
0 2 1
1 1024 0 1
4
1 1 2 3 0 4
2 1 3 4 2 0
4 0 1 3 4 2
8 4 1 2 3 0
23 5 2
1 4
0 1
1 1024 1 32
4
1 1 2 4 3 0
2 0 1 2 4 3
4 2 0 4 1 3
8 2 4 0 3 1
24 5 2
2 3
0 1
1 1024 1 32
4
1 4 3 1 2 0
2 3 4 0 1 2
4 0 4 1 2 3
8 1 0 3 4 2
25 5 1
5
0
1 1024 1 32
4
1 3 1 0 2 4
2 3 2 4 1 0
4 4 1 2 0 3
8 0 1 3 2 4
26 6 6
1 1 1 1 1 1
0 1 2 3 4 5
1 1024 1 32
4
1 0 2 5 4 1 3
2 2 4 5 3 1 0
4 3 2 4 5 1 0
8 0 1 5 4 2 3
27 6 6
1 1 1 1 1 1
1 2 3 4 5 0
0 1 1 32
4
1 5 0 4 3 2 1
2 1 0 3 2 5 4
4 0 5 4 3 2 1
8 4 5 1 2 3 0
28 6 5
1 1 1 1 2
0 1 2 3 4
1 1024 1 32
4
1 0 5 4 1 3 2
2 0 3 4 1 2 5
4 1 3 4 5 0 2
8 2 3 0 5 4 1
29 6 5
1 1 1 1 2
1 2 3 0 4
1 1024 1 32
4
1 1 5 3 4 2 0
2 4 2 3 0 5 1
4 2 0 4 1 3 5
8 5 1 0 2 3 4
30 6 4
1 1 1 3
0 1 2 3
1 1024 1 32
4
1 1 2 5 0 3 4
2 1 5 0 4 3 2
4 4 5 0 2 1 3
8 1 2 3 4 5 0
31 6 4
1 1 1 3
1 2 0 3
1 1024 1 32
4
1 3 4 1 2 0 5
2 1 5 2 0 3 4
4 1 3 5 4 0 2
8 1 3 5 2 4 0
32 6 4
1 1 2 2
0 1 2 3
1 1024 1 32
4
1 1 4 0 5 2 3
2 5 2 3 4 1 0
4 4 3 0 5 2 1
8 5 2 4 3 1 0
33 6 4
1 1 2 2
1 0 3 2
1 1024 0 1
4
1 1 4 2 5 3 0
2 5 4 2 0 3 1
4 4 1 0 5 2 3
8 1 4 0 5 3 2
34 6 3
1 1 4
0 1 2
1 1024 1 32
4
1 5 2 4 0 1 3
2 4 0 1 2 5 3
4 4 3 2 1 5 0
8 4 2 5 1 0 3
35 6 3
1 1 4
1 0 2
1 1024 1 32
4
1 0 5 1 2 4 3
2 5 0 4 3 2 1
4 5 2 4 1 0 3
8 1 2 0 5 3 4
36 6 3
1 2 3
0 1 2
0 1 1 32
4
1 0 3 1 5 4 2
2 5 0 1 2 4 3
4 1 4 5 0 2 3
8 3 1 2 4 0 5
37 6 2
1 5
0 1
1 1024 1 32
4
1 0 1 5 2 3 4
2 3 4 5 1 2 0
4 0 2 3 1 4 5
8 5 1 0 2 4 3
38 6 3
2 2 2
0 1 2
1 1024 1 32
4
1 1 4 0 5 2 3
2 4 0 3 2 1 5
4 5 1 0 4 3 2
8 0 3 4 5 2 1
39 6 3
2 2 2
1 2 0
1 1024 1 32
4
1 3 0 2 4 5 1
2 4 0 3 1 2 5
4 1 5 3 4 2 0
8 0 1 4 3 5 2
40 6 2
2 4
0 1
1 1024 1 32
4
1 4 5 0 2 1 3
2 4 3 5 0 2 1
4 1 4 5 0 2 3
8 2 4 5 3 0 1
41 6 2
3 3
0 1
1 1024 1 32
4
1 4 0 5 1 3 2
2 5 0 2 3 4 1
4 5 0 4 3 1 2
8 3 2 0 5 1 4
42 6 2
3 3
1 0
1 1024 1 32
4
1 2 0 4 5 1 3
2 5 3 4 2 0 1
4 5 0 1 4 2 3
8 1 3 0 4 5 2
43 6 1
6
0
1 1024 1 32
4
1 0 4 2 1 3 5
2 1 3 0 5 2 4
4 5 4 3 0 2 1
8 3 2 0 5 1 4
44 7 7
1 1 1 1 1 1 1
0 1 2 3 4 5 6
1 1024 0 1
4
1 5 4 6 2 3 0 1
2 0 3 4 6 1 2 5
4 0 6 1 3 5 2 4
8 4 3 5 1 2 0 6
45 7 7
1 1 1 1 1 1 1
1 2 3 4 5 6 0
0 1 1 32
4
1 3 2 6 0 1 5 4
2 6 4 5 1 2 3 0
4 6 0 3 5 4 1 2
8 5 6 4 3 2 0 1
46 7 6
1 1 1 1 1 2
0 1 2 3 4 5
1 1024 1 32
4
1 3 1 4 0 2 5 6
2 0 1 5 6 3 2 4
4 2 6 5 4 0 1 3
8 1 2 0 3 5 4 6
47 7 6
1 1 1 1 1 2
1 2 3 4 0 5
1 1024 1 32
4
1 0 4 5 1 3 6 2
2 4 2 6 1 3 0 5
4 1 5 0 3 2 6 4
8 4 5 6 2 1 3 0
48 7 5
1 1 1 1 3
0 1 2 3 4
1 1024 1 32
4
1 3 6 0 4 1 5 2
2 0 6 4 2 5 1 3
4 0 4 6 2 5 3 1
8 6 0 5 1 3 2 4
49 7 5
1 1 1 1 3
1 2 3 0 4
1 1024 1 32
4
1 1 5 0 6 4 2 3
2 1 4 5 3 2 6 0
4 1 6 0 4 5 2 3
8 2 5 4 1 6 3 0
50 7 5
1 1 1 2 2
0 1 2 3 4
1 1024 1 32
4
1 1 3 6 0 4 2 5
2 2 0 4 5 3 6 1
4 5 2 4 6 3 0 1
8 5 4 0 6 1 2 3
51 7 5
1 1 1 2 2
1 2 0 4 3
1 1024 1 32
4
1 6 3 0 1 4 5 2
2 1 3 6 5 2 0 4
4 4 2 1 3 6 5 0
8 2 1 6 3 4 5 0
52 7 4
1 1 1 4
0 1 2 3
1 1024 1 32
4
1 1 2 0 5 4 3 6
2 4 3 5 1 6 0 2
4 4 2 5 6 3 1 0
8 4 3 0 6 2 5 1
53 7 4
1 1 1 4
1 2 0 3
1 1024 1 32
4
1 3 0 2 5 1 4 6
2 3 5 2 1 4 0 6
4 6 1 5 4 0 3 2
8 4 2 3 6 5 1 0
54 7 4
1 1 2 3
0 1 2 3
0 1 1 32
4
1 5 1 4 6 3 0 2
2 3 5 4 1 2 0 6
4 1 0 5 2 3 6 4
8 3 5 6 4 0 1 2
55 7 4
1 1 2 3
1 0 2 3
1 1024 0 1
4
1 3 1 5 4 0 6 2
2 1 6 2 4 5 3 0
4 2 1 3 6 4 5 0
8 1 4 2 5 3 0 6
56 7 3
1 1 5
0 1 2
1 1024 1 32
4
1 6 5 0 3 4 2 1
2 4 0 5 2 1 6 3
4 5 3 1 4 2 0 6
8 4 0 2 3 6 1 5
57 7 3
1 1 5
1 0 2
1 1024 1 32
4
1 5 1 4 2 6 3 0
2 0 1 2 6 5 3 4
4 4 2 5 1 3 0 6
8 3 4 1 6 0 5 2
58 7 4
1 2 2 2
0 1 2 3
1 1024 1 32
4
1 5 1 4 2 3 0 6
2 4 5 3 1 6 2 0
4 5 1 3 4 2 0 6
8 5 6 1 2 0 3 4
59 7 4
1 2 2 2
0 2 3 1
1 1024 1 32
4
1 3 5 0 6 1 4 2
2 0 5 6 4 3 2 1
4 5 2 0 4 6 1 3
8 6 0 4 1 5 3 2
60 7 3
1 2 4
0 1 2
1 1024 1 32
4
1 1 4 5 6 2 3 0
2 2 6 0 3 5 4 1
4 5 3 6 2 4 0 1
8 1 2 6 0 5 3 4
61 7 3
1 3 3
0 1 2
1 1024 1 32
4
1 1 3 4 0 2 6 5
2 6 0 2 5 3 1 4
4 2 3 1 4 6 0 5
8 5 1 3 6 2 0 4
62 7 3
1 3 3
0 2 1
1 1024 1 32
4
1 6 1 5 0 4 2 3
2 0 1 5 2 4 3 6
4 6 4 1 3 2 5 0
8 5 2 0 4 1 3 6
63 7 2
1 6
0 1
0 1 1 32
4
1 1 6 3 0 5 4 2
2 6 5 3 0 4 2 1
4 3 6 4 5 0 2 1
8 0 1 5 4 3 6 2
64 7 3
2 2 3
0 1 2
1 1024 1 32
4
1 1 2 4 6 0 3 5
2 1 3 6 5 0 2 4
4 2 4 0 3 6 5 1
8 4 1 3 6 5 2 0
65 7 3
2 2 3
1 0 2
1 1024 1 32
4
1 5 0 1 2 3 6 4
2 4 0 6 1 5 2 3
4 3 5 2 1 6 4 0
8 0 5 4 6 1 3 2
66 7 2
2 5
0 1
1 1024 0 1
4
1 6 4 1 5 3 0 2
2 6 3 5 4 1 2 0
4 5 2 3 6 1 4 0
8 0 5 3 6 1 2 4
67 7 2
3 4
0 1
1 1024 1 32
4
1 3 6 0 2 5 1 4
2 0 4 5 3 2 1 6
4 6 4 2 5 1 3 0
8 3 2 4 6 0 1 5
68 7 1
7
0
1 1024 1 32
4
1 4 5 1 2 0 3 6
2 3 6 4 0 2 5 1
4 1 2 4 3 5 6 0
8 0 6 5 2 1 4 3
69 2 1
2
0
0 1 1 65536
4
1 1 0
2 0 1
4 1 0
8 1 0
70 2 1
2
0
1 65536 0 1
4
1 1 0
2 0 1
4 1 0
8 1 0
71 2 1
2
0
1 65536 1 65536
4
1 1 0
2 0 1
4 1 0
8 1 0
72 2 2
1 1
1 0
0 1 1 65536
4
1 0 1
2 1 0
4 0 1
8 0 1
73 2 2
1 1
1 0
1 65536 0 1
4
1 0 1
2 1 0
4 0 1
8 0 1
74 2 2
1 1
1 0
1 65536 1 65536
4
1 0 1
2 1 0
4 0 1
8 0 1
75 3 2
1 2
0 1
0 1 1 331776
4
1 0 1 2
2 1 2 0
4 0 2 1
8 1 0 2
76 3 2
1 2
0 1
1 331776 0 1
4
1 0 1 2
2 1 2 0
4 0 2 1
8 1 0 2
77 3 2
1 2
0 1
1 331776 1 331776
4
1 0 1 2
2 1 2 0
4 0 2 1
8 1 0 2
78 4 2
2 2
1 0
0 1 1 2097152
4
1 1 2 0 3
2 2 0 1 3
4 2 1 0 3
8 0 2 1 3
79 4 2
2 2
1 0
1 2097152 0 1
4
1 1 2 0 3
2 2 0 1 3
4 2 1 0 3
8 0 2 1 3
80 4 2
2 2
1 0
1 2097152 1 2097152
4
1 1 2 0 3
2 2 0 1 3
4 2 1 0 3
8 0 2 1 3
81 5 3
1 2 2
0 2 1
0 1 1 15360000
4
1 1 3 4 2 0
2 2 0 3 1 4
4 3 1 4 2 0
8 2 0 3 4 1
82 5 3
1 2 2
0 2 1
1 15360000 0 1
4
1 1 3 4 2 0
2 2 0 3 1 4
4 3 1 4 2 0
8 2 0 3 4 1
83 5 3
1 2 2
0 2 1
1 15360000 1 15360000
4
1 1 3 4 2 0
2 2 0 3 1 4
4 3 1 4 2 0
8 2 0 3 4 1
84 6 3
2 2 2
1 2 0
0 1 1 254803968
4
1 2 4 1 5 0 3
2 2 4 0 3 5 1
4 3 0 4 1 2 5
8 3 0 4 1 2 5
85 6 3
2 2 2
1 2 0
1 254803968 0 1
4
1 2 4 1 5 0 3
2 2 4 0 3 5 1
4 3 0 4 1 2 5
8 3 0 4 1 2 5
86 6 3
2 2 2
1 2 0
1 254803968 1 254803968
4
1 2 4 1 5 0 3
2 2 4 0 3 5 1
4 3 0 4 1 2 5
8 3 0 4 1 2 5
87 7 4
1 2 2 2
0 2 3 1
0 1 1 2360279040
4
1 0 1 3 2 6 4 5
2 1 2 0 4 3 5 6
4 0 6 4 2 5 1 3
8 4 3 1 2 0 6 5
88 7 4
1 2 2 2
0 2 3 1
1 2360279040 0 1
4
1 0 1 3 2 6 4 5
2 1 2 0 4 3 5 6
4 0 6 4 2 5 1 3
8 4 3 1 2 0 6 5
89 7 4
1 2 2 2
0 2 3 1
1 2360279040 1 2360279040
4
1 0 1 3 2 6 4 5
2 1 2 0 4 3 5 6
4 0 6 4 2 5 1 3
8 4 3 1 2 0 6 5
